+923462979189
+923472279488
+923040217925
+923112639197
+923333109486
+923122969123
+923408381667
+923473844161
+923062215676
+923323259075
+923082129767
+923327867096
+923331304025
+923242140044
+923102454056
+923332223308
+923002322689
+923113560549
+923152973549
+923360838582
+923462045595
+923462045595
+923401803663
+923343533021
+923401803663
+923332206136
+923132404925
+923370380833
+923360838582
+923132018006
+923030028429
+923342045138
+923343475615
+923353309615
+923311308442
+923312360920
+923410225964
+923312671987
+923408391904
+923412269217
+923432836533
+923453134155
+923442484597
+923023298129
+923362727068
+923062435762
+923346446679
+923132664709
+923472445922
+923362395892
+923362727068
+923152977570
+923118418429
+923441482057
+923126236467
+923312166039
+923149697081
+923331280255
+923118224074
+923162132190
+923122082929
+923353452053
+923123381959
+923411290013
+923111388313
+923123456838